6 5 192 4
440 185
440 185
440 185
440 185
  1  -44.629  -55.640  6 11 1 4 1 2 4 8 206 382
  2   36.096   64.935 16 11 1 4 1 2 4 8 126 266
  3  -25.470   44.580  7 23 1 4 1 2 4 8 189 280
  4  -33.954  -73.059 20 16 1 4 1 2 4 8 472 650
  5   45.654   35.730  7 16 1 4 1 2 4 8 474 579
  6   14.954  -36.719  8  2 1 4 1 2 4 8 214 373
  7   -1.477   47.205  4  1 1 4 1 2 4 8 301 437
  8    2.155  -40.912 23 25 1 4 1 2 4 8 223 350
  9   22.992    1.398  4 24 1 4 1 2 4 8 220 331
 10  -28.857    5.957  5 14 1 4 1 2 4 8 472 563
 11  -48.120   94.116 15  6 1 4 1 2 4 8 225 327
 12    7.239   17.322 12 20 1 4 1 2 4 8 172 303
 13    4.614   27.051 12 10 1 4 1 2 4 8 151 288
 14  -13.971   28.198 18 11 1 4 1 2 4 8 433 562
 15   12.946  -11.688 19  2 1 4 1 2 4 8 478 614
 16  -36.670   23.102 17 22 1 4 1 2 4 8 340 431
 17   -4.224  -49.310  2  2 1 4 1 2 4 8 224 367
 18    1.093   -7.135 15 12 1 4 1 2 4 8 240 370
 19  -56.958   27.905 10  9 1 4 1 2 4 8 160 290
 20  -80.994  -77.686  3 21 1 4 1 2 4 8 214 383
 21   72.260   59.027 24 10 1 4 1 2 4 8 455 565
 22  -21.655    1.636  1 13 1 4 1 2 4 8 381 551
 23  -20.154  -62.415 22 25 1 4 1 2 4 8 154 317
 24  -48.157    6.287 22  9 1 4 1 2 4 8 239 354
 25   -5.078   61.597 17 19 1 4 1 2 4 8 200 331
 26   17.145  -47.046  7 22 1 4 1 2 4 8 336 435
 27  -16.064    8.557 11  4 1 4 1 2 4 8 171 304
 28    6.683  -27.069  4  4 1 4 1 2 4 8 122 249
 29   15.027  -34.979 15  7 1 4 1 2 4 8 115 227
 30   37.946   73.914 15 20 1 4 1 2 4 8 310 468
 31  -41.199  -43.018  9 17 1 4 1 2 4 8 164 259
 32   32.538   11.786 15 19 1 4 1 2 4 8 229 384
 33  -20.306  -20.239  1 12 1 4 1 2 4 8  78 195
 34  -35.480   19.135 13  2 1 4 1 2 4 8 191 343
 35   58.038   56.659 17 13 1 4 1 2 4 8 214 349
 36  -36.694   -6.256 17 24 1 4 1 2 4 8 192 294
 37    0.446  -46.735 25 22 1 4 1 2 4 8 199 335
 38  -19.690   38.977  5 17 1 4 1 2 4 8 339 476
 39  -47.339   20.911 25 19 1 4 1 2 4 8 153 296
 40  -79.236  -57.678  2  4 1 4 1 2 4 8 209 315
 41    5.597  -34.076  9 12 1 4 1 2 4 8 318 451
 42   34.454   -8.289  7 22 1 4 1 2 4 8 440 549
 43   18.500  -51.154  5  2 1 4 1 2 4 8 184 306
 44   -4.346  -44.525  3 19 1 4 1 2 4 8 386 557
 45  -14.148  -74.164 17  3 1 4 1 2 4 8  72 231
 46   19.867   77.515 12  5 1 4 1 2 4 8 188 317
 47  -50.079   17.871 21 22 1 4 1 2 4 8 407 522
 48   42.786  -79.883 18  6 1 4 1 2 4 8 245 400
 49    1.520  -29.034  8  9 1 4 1 2 4 8 385 485
 50   14.728   -3.436 14  8 1 4 1 2 4 8 137 306
 51  -26.166  -48.999 22 24 1 4 1 2 4 8  68 196
 52  -63.873   -5.273 16 15 1 4 1 2 4 8  71 178
 53  -54.138    7.086 21 16 1 4 1 2 4 8  72 204
 54   17.932  -34.094  7  9 1 4 1 2 4 8 177 300
 55  -98.706   34.552 12  1 1 4 1 2 4 8 339 467
 56   28.802   -8.582  2 18 1 4 1 2 4 8 307 443
 57    2.716   90.594  5 17 1 4 1 2 4 8 164 339
 58  -31.024   48.938  3 18 1 4 1 2 4 8 277 450
 59  -46.545   42.316 11  2 1 4 1 2 4 8 107 231
 60   27.289   58.179  2 25 1 4 1 2 4 8 278 373
 61   28.815  -28.027  7 21 1 4 1 2 4 8 407 554
 62  -26.099   11.328 20 19 1 4 1 2 4 8 123 273
 63    0.537  -26.221  7 10 1 4 1 2 4 8 322 466
 64  -50.458    7.812 11  2 1 4 1 2 4 8 425 575
 65   30.005   19.092 24 21 1 4 1 2 4 8 122 235
 66  -12.604   22.058 15 20 1 4 1 2 4 8 170 310
 67   22.009   -8.636  5 21 1 4 1 2 4 8 109 216
 68    8.942    2.875 25  2 1 4 1 2 4 8  78 251
 69  -19.812    0.922 12  6 1 4 1 2 4 8 477 634
 70   -4.230   31.250 22  2 1 4 1 2 4 8 338 435
 71   17.975   -0.409 11 12 1 4 1 2 4 8 166 308
 72   -2.350   42.938 16 12 1 4 1 2 4 8 429 534
 73  -16.516   68.085 10  5 1 4 1 2 4 8 203 355
 74   -1.190   42.023  3  5 1 4 1 2 4 8 119 278
 75   56.635  -44.019 10  8 1 4 1 2 4 8 450 620
 76   57.483   35.504 17 15 1 4 1 2 4 8 100 236
 77  -26.099    7.477  2  8 1 4 1 2 4 8 285 430
 78    7.489  -57.239 21  7 1 4 1 2 4 8 106 249
 79  -22.095   55.780 16 14 1 4 1 2 4 8 116 220
 80   19.867   38.824  6 18 1 4 1 2 4 8 107 258
 81    5.310   49.219 12 17 1 4 1 2 4 8 407 513
 82   15.155    6.299 23  5 1 4 1 2 4 8 317 429
 83    5.481  -31.500 23  6 1 4 1 2 4 8 132 267
 84    7.959  -28.662 18  9 1 4 1 2 4 8 167 319
 85  -75.812    4.010 18 24 1 4 1 2 4 8 179 290
 86  -43.671  -61.646 14 13 1 4 1 2 4 8 360 477
 87   -2.576  -62.140  2  5 1 4 1 2 4 8 173 269
 88  -18.842  -36.884 11  4 1 4 1 2 4 8 198 332
 89   20.844   21.167 24 22 1 4 1 2 4 8 103 262
 90    3.137  -19.220 14 24 1 4 1 2 4 8 168 280
 91  -20.361   18.878  3 25 1 4 1 2 4 8 296 469
 92   -0.897  -54.938 21  9 1 4 1 2 4 8 296 419
 93  -29.553    9.277  8  8 1 4 1 2 4 8 169 322
 94    5.048  -35.046 19  8 1 4 1 2 4 8  61 181
 95   27.759   48.712  7 25 1 4 1 2 4 8 245 408
 96   12.079  -42.346 19  7 1 4 1 2 4 8 454 574
 97  -51.270   41.144 23 24 1 4 1 2 4 8 295 434
 98  -29.077    4.291  8 16 1 4 1 2 4 8 119 248
 99  -18.555  -14.819 18 15 1 4 1 2 4 8 183 342
100    7.855  -49.451  7  7 1 4 1 2 4 8 434 553
101  -19.116  -32.086  1 17 1 4 1 2 4 8  82 175
102   17.651  -52.271  9  9 1 4 1 2 4 8 135 283
103   16.907  -62.964  5 14 1 4 1 2 4 8 311 454
104   18.988    6.219 23 20 1 4 1 2 4 8 217 333
105  -68.878  -64.539 18  6 1 4 1 2 4 8 410 542
106  -13.361   20.264  5 17 1 4 1 2 4 8 143 306
107  -44.440   63.721 17 23 1 4 1 2 4 8 233 347
108   -6.500   71.436  9 14 1 4 1 2 4 8 195 300
109  -51.978   25.409 19 19 1 4 1 2 4 8 143 241
110   -0.739   59.491 20 21 1 4 1 2 4 8 268 445
111  -64.679   83.038  1  6 1 4 1 2 4 8 154 257
112  -11.273  -35.944 18  1 1 4 1 2 4 8 255 406
113  -16.864    7.776 15 22 1 4 1 2 4 8 142 254
114   19.843  -49.805 10  7 1 4 1 2 4 8 311 452
115  -16.284   -2.936  8 14 1 4 1 2 4 8 137 238
116    8.356   67.041 14  7 1 4 1 2 4 8 281 381
117   30.878   24.316 15 25 1 4 1 2 4 8 289 419
118   93.524  -20.233 17 17 1 4 1 2 4 8 329 478
119   -9.332  -56.177  9 10 1 4 1 2 4 8 359 504
120  -34.442  -63.312 13 23 1 4 1 2 4 8 398 566
121   20.941   -5.646 18 22 1 4 1 2 4 8 448 562
122   -3.418   89.594 20  3 1 4 1 2 4 8 115 288
123  -18.738   45.227  8 14 1 4 1 2 4 8 261 387
124    2.435  -30.524  2 14 1 4 1 2 4 8 112 287
125  -28.864   56.616  7  2 1 4 1 2 4 8 329 439
126   76.880  -29.901  6  2 1 4 1 2 4 8 100 241
127  -90.466   10.278 12 21 1 4 1 2 4 8 376 506
128  -35.101   46.545 12 10 1 4 1 2 4 8 121 232
129  -48.395   43.854 25 10 1 4 1 2 4 8 343 468
130  -40.997   26.703  6  5 1 4 1 2 4 8 302 399
131   13.696   34.607  5  9 1 4 1 2 4 8 118 245
132  -71.472   11.450 20 15 1 4 1 2 4 8  93 257
133  -36.230   51.904  2 19 1 4 1 2 4 8 101 192
134  -39.465    4.907 25  7 1 4 1 2 4 8 282 453
135  -16.565   23.773  7 11 1 4 1 2 4 8 347 461
136   10.754  -28.552  6  2 1 4 1 2 4 8 376 554
137  -23.029   47.015 21 25 1 4 1 2 4 8 422 592
138   -8.807   21.216 19 14 1 4 1 2 4 8  93 272
139  -40.039   27.435 22 15 1 4 1 2 4 8 209 349
140  -37.445  -41.040  8 12 1 4 1 2 4 8  85 193
141   48.224    0.085 19 11 1 4 1 2 4 8 469 624
142   -0.323   68.237  6 17 1 4 1 2 4 8 126 229
143  -14.294  -33.423 24  4 1 4 1 2 4 8 435 591
144   -1.440  -34.814 15 24 1 4 1 2 4 8 390 481
145  -34.454   42.346 25  8 1 4 1 2 4 8  72 188
146    8.679  -66.180  6 20 1 4 1 2 4 8 278 399
147  -61.249  -51.367 21 12 1 4 1 2 4 8  80 189
148   -1.093    9.912  4 10 1 4 1 2 4 8 402 553
149  -16.565   66.547 10 12 1 4 1 2 4 8 120 254
150    8.435   52.838 16  9 1 4 1 2 4 8 111 280
151  -22.034  -36.896 12 16 1 4 1 2 4 8 133 262
152   15.765   17.322 13 23 1 4 1 2 4 8 348 513
153    9.003  -18.695  2 15 1 4 1 2 4 8 156 270
154   -4.584    3.491  3 10 1 4 1 2 4 8 437 561
155    8.875   40.662 10 21 1 4 1 2 4 8 156 304
156   26.093  -33.966 18  2 1 4 1 2 4 8 294 465
157  -32.501   39.526 18 16 1 4 1 2 4 8 344 477
158  -32.629  -82.581 11 15 1 4 1 2 4 8 427 580
159  -98.486   22.021  7 11 1 4 1 2 4 8 106 263
160  -59.052    4.163 18 11 1 4 1 2 4 8 283 413
161    7.428   -2.570 15 17 1 4 1 2 4 8 223 358
162  -59.601   12.469  5  3 1 4 1 2 4 8 355 512
163  -11.224  -31.830 20  9 1 4 1 2 4 8 225 389
164  -16.809  -35.040  9  1 1 4 1 2 4 8 201 327
165   21.863   18.140 22 13 1 4 1 2 4 8 147 313
166   45.038  -61.316 13  1 1 4 1 2 4 8 285 381
167  -48.816   25.568 24  2 1 4 1 2 4 8 245 399
168  -32.184  -16.736  4 22 1 4 1 2 4 8 238 341
169   12.439  -41.492 16 10 1 4 1 2 4 8 353 493
170  -21.082  -77.075 16  4 1 4 1 2 4 8 182 311
171  -17.822  -18.518 14  9 1 4 1 2 4 8 429 548
172   48.334   93.518 14 11 1 4 1 2 4 8 229 362
173  -18.677   49.005 25  3 1 4 1 2 4 8 195 334
174   12.140   30.042 23 19 1 4 1 2 4 8 180 288
175    3.113  -40.302 23 19 1 4 1 2 4 8 249 422
176   17.133   37.079  4  4 1 4 1 2 4 8 424 556
177   22.577    0.836 17 19 1 4 1 2 4 8 469 628
178  -30.426   52.942 12 15 1 4 1 2 4 8 168 312
179   33.765  -67.108 11 21 1 4 1 2 4 8 166 276
180    5.414    1.532 24 25 1 4 1 2 4 8 310 412
181   72.156   30.103 22  4 1 4 1 2 4 8 443 557
182  -24.109  -34.625 10  3 1 4 1 2 4 8 367 540
183   17.413   75.146 10  6 1 4 1 2 4 8 199 325
184   10.638  -60.052 10  6 1 4 1 2 4 8 114 209
185   -5.176  -48.999  5 21 1 4 1 2 4 8  77 178
186  -19.342   21.118 13 25 1 4 1 2 4 8 400 533
187  -46.802  -14.661 18 10 1 4 1 2 4 8 345 521
188  -16.779   43.439 25 25 1 4 1 2 4 8 359 525
189   14.093  -13.605 12 19 1 4 1 2 4 8 302 414
190  -21.063   26.019 18 19 1 4 1 2 4 8 177 318
191   39.813  -40.668  9 22 1 4 1 2 4 8 298 429
192   52.057   30.334 23  5 1 4 1 2 4 8 323 457
193   -0.140    7.266  0  0 0 0  0 1000
194  -23.138   48.450  0  0 0 0  0 1000
195  -26.102   16.809  0  0 0 0  0 1000
196    0.244  -35.892  0  0 0 0  0 1000
