6 2 10 2
200 30
200 30
  1  -29.730   64.136  2 12 1 4 1 2 4 8 399 525
  2  -30.664    5.463  7  8 1 4 1 2 4 8 121 299
  3   51.642    5.469 21 16 1 4 1 2 4 8 389 483
  4  -13.171   69.336 24  5 1 4 1 2 4 8 204 304
  5  -67.413   68.323  1 12 1 4 1 2 4 8 317 458
  6   48.907    6.274 17  5 1 4 1 2 4 8 160 257
  7    5.243   22.260  6 13 1 4 1 2 4 8 170 287
  8  -65.002   77.234  5 20 1 4 1 2 4 8 215 321
  9   -4.175   -1.569  7 13 1 4 1 2 4 8  80 233
 10   23.029   11.639  1 18 1 4 1 2 4 8  90 206
 11    4.163   13.559  0  0 0 0  0 1000
 12   21.387   17.105  0  0 0 0  0 1000
