6 6 240 4
420 180
420 180
420 180
420 180
  1   65.991  -49.829 20 10 1 4 1 2 4 8 422 555
  2  -36.938  -36.743 20 25 1 4 1 2 4 8 128 256
  3   -2.734   18.774 13 18 1 4 1 2 4 8 122 271
  4   31.116  -35.907 13 16 1 4 1 2 4 8 141 286
  5    2.789    8.008 17 14 1 4 1 2 4 8 106 199
  6   31.152   43.665 24  7 1 4 1 2 4 8  92 212
  7  -36.304  -21.307 15  9 1 4 1 2 4 8 345 487
  8   52.814   35.046 12 16 1 4 1 2 4 8 366 470
  9   11.267   20.660 20 24 1 4 1 2 4 8 127 225
 10   -0.623   23.114 20  6 1 4 1 2 4 8 179 292
 11   43.091  -12.360  3 22 1 4 1 2 4 8 308 401
 12    6.854   19.073  8 11 1 4 1 2 4 8 139 234
 13   -6.848   25.317 16 19 1 4 1 2 4 8 306 406
 14  -27.930  -23.712 20 20 1 4 1 2 4 8 465 566
 15   33.240  -30.487 21 20 1 4 1 2 4 8 422 523
 16   63.885  -52.881 23 16 1 4 1 2 4 8 305 404
 17  -13.672  -43.945 21  5 1 4 1 2 4 8 151 301
 18   -0.647  -27.502  3 21 1 4 1 2 4 8 455 587
 19   59.406  -49.261 19 19 1 4 1 2 4 8 107 233
 20   27.167   -5.713 20 18 1 4 1 2 4 8 221 316
 21   70.001  -20.844  7 22 1 4 1 2 4 8 329 454
 22   35.327  -65.167 14 19 1 4 1 2 4 8 384 490
 23  -14.386  -42.236 24 15 1 4 1 2 4 8  79 175
 24   19.366   30.273  3 24 1 4 1 2 4 8  76 173
 25  -39.789   10.101 13 20 1 4 1 2 4 8 297 433
 26  -15.753  -40.204  1 17 1 4 1 2 4 8 358 514
 27  -28.418  -40.503  5 20 1 4 1 2 4 8 375 521
 28   27.081    9.735  2 12 1 4 1 2 4 8 218 364
 29   22.205   -9.216  9 23 1 4 1 2 4 8  87 235
 30   -0.830   -6.525 18 15 1 4 1 2 4 8 289 439
 31   10.217   75.531  5 19 1 4 1 2 4 8 432 603
 32    7.446   18.500 12 23 1 4 1 2 4 8 433 581
 33   48.914  -20.294 11  9 1 4 1 2 4 8 360 450
 34  -18.958  -29.675 17 21 1 4 1 2 4 8 194 333
 35   16.815   -6.659 21 17 1 4 1 2 4 8 373 503
 36    2.509  -30.420  5  6 1 4 1 2 4 8 429 536
 37   15.424    4.913  5 10 1 4 1 2 4 8 298 473
 38   60.315   89.801  7  9 1 4 1 2 4 8 445 557
 39   40.405  -45.367 24 19 1 4 1 2 4 8 134 248
 40  -26.837  -54.272  1 17 1 4 1 2 4 8 267 395
 41   69.171   72.577 12 22 1 4 1 2 4 8  76 254
 42  -22.815   46.173  6  8 1 4 1 2 4 8 281 426
 43  -14.258  -30.249  5 25 1 4 1 2 4 8 232 409
 44   76.050   12.073 19 13 1 4 1 2 4 8 317 492
 45   63.043   60.022 23  1 1 4 1 2 4 8 333 424
 46  -20.239  -81.970  8 15 1 4 1 2 4 8 474 608
 47  -41.168  -42.023  1 16 1 4 1 2 4 8 364 478
 48   79.199  -29.016 20 20 1 4 1 2 4 8 329 467
 49  -20.728   -7.068 16 14 1 4 1 2 4 8 330 429
 50   -4.163  -53.497  8  2 1 4 1 2 4 8 478 585
 51   39.594  -40.460 16  5 1 4 1 2 4 8  66 239
 52  -47.125  -77.850 25 16 1 4 1 2 4 8 126 239
 53   -1.233   49.182  5 12 1 4 1 2 4 8 264 403
 54   -0.372  -27.264 10  1 1 4 1 2 4 8 144 253
 55   31.537   -8.722 24 15 1 4 1 2 4 8 154 325
 56   -0.134  -20.264 16  5 1 4 1 2 4 8 244 419
 57   66.394  -26.691  7  9 1 4 1 2 4 8 159 273
 58    6.104  -64.093 14  8 1 4 1 2 4 8 130 263
 59   13.544  -20.874 11  2 1 4 1 2 4 8 334 434
 60   54.211   -6.537 15 10 1 4 1 2 4 8 420 514
 61   22.046  -34.137 23 25 1 4 1 2 4 8 392 544
 62   -9.723    4.706  5 24 1 4 1 2 4 8 151 316
 63  -11.584  -46.857 16  7 1 4 1 2 4 8 117 240
 64   -2.905   -0.305 13 14 1 4 1 2 4 8 131 298
 65   13.837  -44.452 18  3 1 4 1 2 4 8  64 237
 66   17.480   27.747 14 23 1 4 1 2 4 8 119 209
 67    2.972  -43.689  3 21 1 4 1 2 4 8 109 268
 68  -44.354  -38.202 22 13 1 4 1 2 4 8 340 441
 69  -59.399    1.514 16 15 1 4 1 2 4 8 356 476
 70  -13.452  -75.531 16 14 1 4 1 2 4 8 391 556
 71   -5.518  -51.947  2  7 1 4 1 2 4 8 295 430
 72   -9.589  -26.880 19 20 1 4 1 2 4 8 139 232
 73   19.318   29.498 23  6 1 4 1 2 4 8 277 412
 74   26.245   36.743  6 24 1 4 1 2 4 8 286 465
 75   43.707  -28.033 11 17 1 4 1 2 4 8 386 560
 76  -52.026  -35.339 19  3 1 4 1 2 4 8  78 221
 77   -8.435   -0.116  3 15 1 4 1 2 4 8 337 474
 78   89.111   62.122 14  6 1 4 1 2 4 8 325 416
 79    6.067  -16.132 14 21 1 4 1 2 4 8 103 206
 80   27.094   -5.103 19 25 1 4 1 2 4 8 386 500
 81   27.527  -15.344  3 18 1 4 1 2 4 8 288 445
 82   42.511   32.056 18  1 1 4 1 2 4 8 225 379
 83   25.311   12.689 24 19 1 4 1 2 4 8 252 415
 84   47.778  -12.769  6 17 1 4 1 2 4 8 404 513
 85   -3.143  -13.837  1 20 1 4 1 2 4 8 169 333
 86   12.482  -78.101  3  1 1 4 1 2 4 8 190 368
 87  -21.039   -3.430 15 13 1 4 1 2 4 8 383 516
 88   -3.149  -55.432 18 25 1 4 1 2 4 8  71 220
 89   53.009   84.900  5 16 1 4 1 2 4 8 469 571
 90   35.638  -47.552 23  5 1 4 1 2 4 8  64 236
 91   43.427  -18.439 10 18 1 4 1 2 4 8 187 292
 92    6.598  -54.578 20 17 1 4 1 2 4 8  90 253
 93   87.952   94.012 11 15 1 4 1 2 4 8 123 274
 94   39.105  -48.743 16 13 1 4 1 2 4 8 101 229
 95  -48.340  -26.477 15 15 1 4 1 2 4 8 406 535
 96   72.003   -9.253 19  2 1 4 1 2 4 8 364 458
 97  -37.732    3.351  4  1 1 4 1 2 4 8 347 456
 98  -65.967  -36.749 14  9 1 4 1 2 4 8 420 521
 99  -16.669  -35.284 23 16 1 4 1 2 4 8 339 491
100   10.742   -4.669 11  6 1 4 1 2 4 8  61 203
101   15.594   -5.817 21 18 1 4 1 2 4 8 437 603
102   21.606  -18.109 14 24 1 4 1 2 4 8 423 567
103    9.784   49.280 16 24 1 4 1 2 4 8 340 434
104   94.147   -4.492 25  9 1 4 1 2 4 8 146 270
105   10.382  -16.302 17 19 1 4 1 2 4 8 230 409
106   -1.453   -0.861 16 12 1 4 1 2 4 8 239 338
107   -6.219   25.305 13 22 1 4 1 2 4 8 467 591
108   -6.250   10.217 23 13 1 4 1 2 4 8 400 539
109  -17.444  -70.795 10 20 1 4 1 2 4 8 424 576
110  -55.090  -43.854  2 25 1 4 1 2 4 8 457 599
111   -9.442   23.724 15  1 1 4 1 2 4 8 360 529
112    8.978   35.406 14 24 1 4 1 2 4 8 165 260
113  -16.754   -0.812 22 10 1 4 1 2 4 8 312 430
114   66.852  -37.842 15 22 1 4 1 2 4 8 108 210
115   14.716  -23.724 16 14 1 4 1 2 4 8 308 479
116   33.472   20.026 12 12 1 4 1 2 4 8 299 466
117   66.394  -70.111 14 23 1 4 1 2 4 8  97 242
118   -5.664    8.881 15 14 1 4 1 2 4 8  68 225
119   -5.103  -46.729 11 23 1 4 1 2 4 8 175 292
120   -8.826   55.743 11 25 1 4 1 2 4 8 457 577
121    5.847   -3.186  4  5 1 4 1 2 4 8 202 312
122  -25.726  -37.695 23  7 1 4 1 2 4 8 100 234
123  -15.363  -24.548 13 25 1 4 1 2 4 8 368 547
124   43.793  -11.102 22 11 1 4 1 2 4 8 101 210
125   17.664  -25.604 17 18 1 4 1 2 4 8 119 246
126  -39.624   54.883  2 18 1 4 1 2 4 8 471 568
127  -24.554  -43.225  5  1 1 4 1 2 4 8 233 411
128  -26.892  -12.738 14  7 1 4 1 2 4 8 296 451
129   34.155  -38.458  1 22 1 4 1 2 4 8 133 255
130  -47.314  -29.468 13  7 1 4 1 2 4 8 146 303
131   49.365  -25.592  8  3 1 4 1 2 4 8 185 345
132    3.705  -16.449 24 18 1 4 1 2 4 8 413 526
133   22.430  -23.273 12  8 1 4 1 2 4 8  67 216
134  -37.549  -29.608 23  6 1 4 1 2 4 8 400 541
135   25.549    3.674  1  7 1 4 1 2 4 8 413 517
136  -15.216    3.284  2 20 1 4 1 2 4 8 242 359
137  -12.939   -7.495  8 10 1 4 1 2 4 8  66 184
138  -22.107   26.434 18  2 1 4 1 2 4 8 395 498
139  -17.944    7.733 14  3 1 4 1 2 4 8 382 494
140  -21.234   14.490 23 10 1 4 1 2 4 8 370 537
141    3.503  -19.708 14  5 1 4 1 2 4 8  66 161
142   32.599  -14.935  4 25 1 4 1 2 4 8 257 401
143   -5.737  -28.296 24 23 1 4 1 2 4 8 385 483
144   -6.128  -39.624  9 21 1 4 1 2 4 8 409 510
145   -2.460   12.817 15 13 1 4 1 2 4 8  62 154
146   -6.470    8.466 10  1 1 4 1 2 4 8 330 423
147  -37.891  -36.115  3 11 1 4 1 2 4 8  91 227
148   10.852  -18.750 12  6 1 4 1 2 4 8 105 249
149   50.104    8.636  6  9 1 4 1 2 4 8 309 475
150   46.844    4.712  1 17 1 4 1 2 4 8 374 491
151   19.598  -10.406 24 13 1 4 1 2 4 8 408 533
152  -38.947   52.942  3 23 1 4 1 2 4 8 409 553
153   -0.641  -21.289  4 19 1 4 1 2 4 8 225 325
154   40.906  -33.765  7 11 1 4 1 2 4 8 388 494
155   -0.574  -62.299 21 12 1 4 1 2 4 8 257 371
156   -9.778   26.794  1 18 1 4 1 2 4 8 274 371
157   34.265  -23.895 24 25 1 4 1 2 4 8 169 274
158   29.572  -24.561  5 13 1 4 1 2 4 8 126 300
159   16.376  -58.887 23 24 1 4 1 2 4 8 427 552
160   61.877  -15.167  5  5 1 4 1 2 4 8 143 311
161   40.088   -9.625 17 14 1 4 1 2 4 8 233 352
162    0.122   -4.645 24 18 1 4 1 2 4 8 233 340
163   -8.929  -43.903 23 25 1 4 1 2 4 8 236 336
164   -7.135  -57.434  3 11 1 4 1 2 4 8 325 442
165    7.550  -21.210  5 18 1 4 1 2 4 8 244 372
166    3.949    7.300 22 23 1 4 1 2 4 8 396 510
167  -15.118   92.023  9 22 1 4 1 2 4 8 447 590
168   84.821  -24.518 23 20 1 4 1 2 4 8 169 274
169  -52.325   30.682 15 11 1 4 1 2 4 8 125 288
170    7.538   13.818 15 11 1 4 1 2 4 8 380 545
171  -21.484   30.359 11 19 1 4 1 2 4 8 250 428
172   36.047   29.883 20 13 1 4 1 2 4 8 125 223
173   12.781  -40.942 10 24 1 4 1 2 4 8 209 357
174  -17.291  -10.254 24  6 1 4 1 2 4 8 165 341
175  -10.541   12.402 10  5 1 4 1 2 4 8  61 234
176  -15.845  -59.460  6 24 1 4 1 2 4 8 387 496
177   29.266   -2.222 22  7 1 4 1 2 4 8 244 388
178  -12.598  -58.929 25 13 1 4 1 2 4 8 464 597
179  -17.303  -35.297 11 25 1 4 1 2 4 8  84 215
180   57.050  -50.354  6 15 1 4 1 2 4 8 328 452
181   26.941   17.444  9 15 1 4 1 2 4 8 437 611
182   -6.195   -8.881  6 16 1 4 1 2 4 8 234 405
183   16.980  -16.321 12  5 1 4 1 2 4 8  70 180
184   83.710  -32.520  4 15 1 4 1 2 4 8 405 545
185   12.451   34.589 24 24 1 4 1 2 4 8 352 525
186   15.057   67.004 18 15 1 4 1 2 4 8 448 577
187   25.818   -5.835  3  9 1 4 1 2 4 8 289 396
188   13.666  -14.832 18 19 1 4 1 2 4 8 222 374
189   48.322   -5.164 17 15 1 4 1 2 4 8 272 428
190   13.489   19.739 23  2 1 4 1 2 4 8 239 386
191  -18.512   65.405 10  3 1 4 1 2 4 8 342 482
192   17.554   38.379 22 18 1 4 1 2 4 8 332 510
193   37.775  -16.003  5 20 1 4 1 2 4 8 412 554
194   47.968  -30.310 16 14 1 4 1 2 4 8 149 265
195   38.806   36.243 10 10 1 4 1 2 4 8 450 562
196  -16.089  -42.841 10  6 1 4 1 2 4 8 197 325
197   28.656   -1.990  9 17 1 4 1 2 4 8  74 191
198   -5.859   -1.862  5 20 1 4 1 2 4 8 271 425
199   60.516   63.416  9  3 1 4 1 2 4 8 167 311
200   63.196  -47.766 12 14 1 4 1 2 4 8 302 469
201  -15.308  -23.285 16 12 1 4 1 2 4 8 116 236
202   -2.875    0.787  8  2 1 4 1 2 4 8 447 572
203   32.056  -10.175  1 11 1 4 1 2 4 8 396 532
204  -18.634  -25.665  1 16 1 4 1 2 4 8 432 547
205   -3.632   25.433 18 18 1 4 1 2 4 8 326 417
206   10.480   22.888 22 14 1 4 1 2 4 8 410 504
207    1.819   -3.009 20  6 1 4 1 2 4 8 317 408
208  -25.275  -12.183  4 12 1 4 1 2 4 8 420 561
209   56.927  -75.507 15 21 1 4 1 2 4 8  97 213
210   13.885  -36.230  7  1 1 4 1 2 4 8 292 389
211   32.520  -29.523 25 18 1 4 1 2 4 8 143 237
212    4.803   -7.288  3 17 1 4 1 2 4 8 421 567
213   11.365   -8.344 22 15 1 4 1 2 4 8 322 482
214   17.126  -24.646  5  4 1 4 1 2 4 8 246 365
215  -33.661  -41.241  1 18 1 4 1 2 4 8 461 626
216  -32.391  -50.885  9 22 1 4 1 2 4 8 294 457
217   23.041  -14.496 16 16 1 4 1 2 4 8 189 301
218  -21.857  -39.502 23 14 1 4 1 2 4 8 430 538
219   32.013   77.332  5 25 1 4 1 2 4 8 264 394
220   13.831  -76.190  5 15 1 4 1 2 4 8 186 353
221   -8.051  -21.179  6  6 1 4 1 2 4 8 218 344
222   25.391   46.613 16  7 1 4 1 2 4 8  95 216
223   49.536  -54.639 25 21 1 4 1 2 4 8 384 550
224   63.416   -8.636  1  3 1 4 1 2 4 8 238 330
225    2.301   -5.536 25 15 1 4 1 2 4 8 221 321
226   52.423   29.895 17 24 1 4 1 2 4 8 412 538
227    9.296  -16.254 11  2 1 4 1 2 4 8 159 272
228   34.845  -96.185 24 17 1 4 1 2 4 8 218 378
229  -21.063  -41.498 10  2 1 4 1 2 4 8 133 310
230   28.448   10.242 12 25 1 4 1 2 4 8  97 225
231   16.254  -22.583 17 15 1 4 1 2 4 8 346 520
232  -36.639  -34.033 18  3 1 4 1 2 4 8 382 538
233  -27.356  -50.177  5  1 1 4 1 2 4 8 382 492
234  -53.705   11.334 16  1 1 4 1 2 4 8 224 359
235   26.276   -5.994  9 20 1 4 1 2 4 8  99 216
236  -31.519   34.589  6 19 1 4 1 2 4 8 167 257
237  -14.612  -31.506  1  2 1 4 1 2 4 8 101 207
238   -4.242  -30.865  4  9 1 4 1 2 4 8 170 330
239  -18.524  -29.486 20  4 1 4 1 2 4 8 195 328
240  -17.133  -19.397 19 16 1 4 1 2 4 8 199 373
241   34.430  -17.151  0  0 0 0  0 1000
242    0.269   -8.154  0  0 0 0  0 1000
243    3.140   13.297  0  0 0 0  0 1000
244   -3.113  -29.745  0  0 0 0  0 1000
